2.939051628112793
2.939051389694214
2.939051389694214
2.939051389694214
2.939051389694214
2.939051389694214
2.939051389694214
2.939051389694214
2.939051389694214
2.9390511512756348
2.9390511512756348
2.9390511512756348
2.9390511512756348
2.9390511512756348
2.9390511512756348
2.9390511512756348
2.9390511512756348
2.9390511512756348
2.9390511512756348
2.9390511512756348
2.9390511512756348
2.9390511512756348
2.9390511512756348
2.9390511512756348
2.9390511512756348
2.9390511512756348
2.9390511512756348
2.9390509128570557
2.9390509128570557
2.9390509128570557
2.9390509128570557
2.9390509128570557
2.9390509128570557
2.9390509128570557
2.9390509128570557
2.9390509128570557
2.9390509128570557
2.9390509128570557
2.9390509128570557
2.9390509128570557
2.9390509128570557
2.9390506744384766
2.9390506744384766
2.9390506744384766
2.9390506744384766
2.9390506744384766
2.9390506744384766
2.9390506744384766
2.9390506744384766
2.9390504360198975
2.9390504360198975
2.9390501976013184
2.9390499591827393
2.9390499591827393
2.93904972076416
2.939049482345581
2.939049243927002
2.939049243927002
2.939049005508423
2.9390487670898438
2.9390485286712646
2.9390482902526855
2.9390480518341064
2.9390475749969482
2.939047336578369
2.93904709815979
2.939046859741211
2.9390463829040527
2.9390461444854736
2.9390459060668945
2.9390456676483154
2.9390454292297363
2.939044952392578
2.93904447555542
2.939044237136841
2.9390437602996826
2.9390435218811035
2.9390430450439453
2.939042806625366
2.939042329788208
2.9390416145324707
2.9390408992767334
2.939040422439575
2.939039707183838
2.9390392303466797
2.9390387535095215
2.939038038253784
2.939037322998047
2.9390368461608887
2.9390358924865723
2.939034938812256
2.9390342235565186
2.9390335083007812
2.9390323162078857
2.9390311241149902
2.939030170440674
2.9390294551849365
2.93902850151062
2.9390268325805664
2.93902587890625
2.9390249252319336
2.939023971557617
2.939023017883301
2.9390220642089844
2.9390206336975098
2.9390199184417725
2.939018487930298
2.9390170574188232
2.9390153884887695
2.939013957977295
2.939012289047241
2.93900990486145
2.939007520675659
2.9390063285827637
2.939005136489868
2.9390037059783936
2.9390017986297607
2.939000368118286
2.9389986991882324
2.9389970302581787
2.938994884490967
2.938992977142334
2.938990831375122
2.938988447189331
2.9389865398406982
2.9389841556549072
2.9389822483062744
2.9389798641204834
2.9389777183532715
2.9389760494232178
2.9389731884002686
2.938969135284424
2.938965082168579
2.9389617443084717
2.9389591217041016
2.9389548301696777
2.9389519691467285
2.938948154449463
2.9389450550079346
2.9389407634735107
2.9389379024505615
2.9389328956604004
2.938929557800293
2.938927412033081
2.9389238357543945
2.9389190673828125
2.9389140605926514
2.938908815383911
2.9389045238494873
2.9389007091522217
2.9388949871063232
2.9388911724090576
2.9388840198516846
2.9388797283172607
2.938875436782837
2.938868522644043
2.9388623237609863
2.938854932785034
2.938851833343506
2.93884539604187
2.9388372898101807
2.9388294219970703
2.93882417678833
2.9388175010681152
2.938811779022217
2.9388041496276855
2.938798427581787
2.9387903213500977
2.938778877258301
2.9387738704681396
2.938769578933716
2.9387636184692383
2.9387526512145996
2.9387459754943848
2.9387366771698
2.9387285709381104
2.938722848892212
2.9387149810791016
2.9387102127075195
2.9386937618255615
2.93867564201355
2.9386649131774902
2.938659191131592
2.938647508621216
2.93864107131958
2.9386227130889893
2.938613176345825
2.938605546951294
2.9385952949523926
2.938587188720703
2.938567638397217
2.9385592937469482
2.9385433197021484
2.938528299331665
2.938514232635498
2.93850040435791
2.938481569290161
2.9384734630584717
2.9384517669677734
2.938438653945923
2.938422679901123
2.938415765762329
2.938387870788574
2.9383771419525146
2.9383621215820312
2.938347101211548
2.9383246898651123
2.938305616378784
2.9382877349853516
2.9382569789886475
2.938234806060791
2.938218832015991
2.9381937980651855
2.9381773471832275
2.938152313232422
2.938141107559204
2.9381234645843506
2.938113212585449
2.9380996227264404
2.9380712509155273
2.9380438327789307
2.9380149841308594
2.9379937648773193
2.937972068786621
2.9379525184631348
2.9379384517669678
2.9379029273986816
2.937880039215088
2.937854528427124
2.937825918197632
2.937786817550659
2.9377758502960205
2.9377617835998535
2.9377524852752686
2.9377291202545166
2.93769907951355
2.9376718997955322
2.937654495239258
2.9376139640808105
2.937587022781372
2.937551498413086
2.9375085830688477
2.9374897480010986
2.9374520778656006
2.9374356269836426
2.9374125003814697
2.9373815059661865
2.937363624572754
2.9373340606689453
2.9373154640197754
2.937265157699585
2.9372165203094482
2.937199354171753
2.93717622756958
2.93715238571167
2.937119245529175
2.937070846557617
2.9370343685150146
2.936985969543457
2.936958074569702
2.936910390853882
2.9368679523468018
2.936845541000366
2.9368271827697754
2.9368085861206055
2.936753749847412
2.936683177947998
2.9366636276245117
2.936633586883545
2.9365785121917725
2.9365196228027344
2.936469078063965
2.9364187717437744
2.9363863468170166
2.9363110065460205
2.936288833618164
2.936262607574463
2.9362215995788574
2.9361801147460938
2.9361393451690674
2.9360930919647217
2.936065912246704
2.936030149459839
2.9360013008117676
2.9359548091888428
2.9358766078948975
2.935807466506958
2.9357621669769287
2.935690402984619
2.9356319904327393
2.93561053276062
2.935558795928955
2.935495138168335
2.93546986579895
2.935394048690796
2.935330629348755
2.935263156890869
2.935178756713867
2.935137987136841
2.935110569000244
2.9350764751434326
2.9350240230560303
2.934988260269165
2.934941530227661
2.9348855018615723
2.934840679168701
2.934807777404785
2.9347357749938965
2.9346554279327393
2.9346277713775635
2.934567451477051
2.9345171451568604
2.934436082839966
2.9343855381011963
2.934295892715454
2.9342262744903564
2.93416428565979
2.9340784549713135
2.9340453147888184
2.9339566230773926
2.9338769912719727
2.9337944984436035
2.933708429336548
2.9336819648742676
2.933647632598877
2.933579206466675
2.9335343837738037
2.93349027633667
2.933420181274414
2.933339834213257
2.933251142501831
2.933143138885498
2.933093547821045
2.9330148696899414
2.9329071044921875
2.932859420776367
2.9327776432037354
2.932692527770996
2.9326059818267822
2.9325544834136963
2.9324498176574707
2.9323554039001465
2.9322896003723145
2.9322259426116943
2.932110548019409
2.9320554733276367
2.9320240020751953
2.9319236278533936
2.931877374649048
2.931776762008667
2.9316647052764893
2.931567668914795
2.9314868450164795
2.931386709213257
2.931316375732422
2.931199789047241
2.931096076965332
2.931011438369751
2.9309451580047607
2.9308831691741943
2.930783271789551
2.9306962490081787
2.9306552410125732
2.9305930137634277
2.930450916290283
2.930349349975586
2.9302189350128174
2.9300832748413086
2.9300239086151123
2.929976224899292
2.929861068725586
2.9297356605529785
2.9296252727508545
2.929473400115967
2.929394483566284
2.929326295852661
2.929229497909546
2.929144859313965
2.929046869277954
2.9289276599884033
2.928865432739258
2.928771495819092
2.9287033081054688
2.92863130569458
2.928555965423584
2.9284605979919434
2.9284002780914307
2.928316593170166
2.928239107131958
2.9281158447265625
2.9280567169189453
2.9279651641845703
2.927866220474243
2.9277899265289307
2.927711248397827
2.9276020526885986
2.927508592605591
2.927464246749878
2.9273905754089355
2.927273750305176
2.92712664604187
2.926994562149048
2.9268712997436523
2.92679500579834
2.9267306327819824
2.9266555309295654
2.926584482192993
2.926485776901245
2.926370143890381
2.9262278079986572
2.926145553588867
2.925992012023926
2.925896406173706
2.9258270263671875
2.9257428646087646
2.925621271133423
2.9254937171936035
2.925321102142334
2.9251856803894043
2.9250314235687256
2.924914836883545
2.9247875213623047
2.9246556758880615
2.924485683441162
2.9243810176849365
2.9242613315582275
2.924138069152832
2.924041986465454
2.9239253997802734
2.9238452911376953
2.923691511154175
2.923640012741089
2.923513174057007
2.9234166145324707
2.9232800006866455
2.9231529235839844
2.9229748249053955
2.9228675365448
2.9227633476257324
2.922637939453125
2.922499895095825
2.922375440597534
2.9221925735473633
2.922044277191162
2.9219508171081543
2.921870708465576
2.921781063079834
2.9217021465301514
2.921592950820923
2.92144513130188
2.921329975128174
2.92121958732605
2.9211130142211914
2.920989990234375
2.920893907546997
2.9207801818847656
2.9206292629241943
2.9204885959625244
2.9204137325286865
2.9202892780303955
2.9202115535736084
2.920050859451294
2.919961929321289
2.919877529144287
2.9197497367858887
2.919614791870117
2.9194421768188477
2.9193320274353027
2.919215202331543
2.9190731048583984
2.918955087661743
2.9188599586486816
2.91870379447937
2.9185664653778076
2.918458938598633
2.9182915687561035
2.9181857109069824
2.9181032180786133
2.917978048324585
2.917865514755249
2.9177322387695312
2.9175736904144287
2.917466163635254
2.9173245429992676
2.9171762466430664
2.917085886001587
2.9169859886169434
2.916902542114258
2.916809320449829
2.916644811630249
2.916487216949463
2.91634202003479
2.9162111282348633
2.9160385131835938
2.915908098220825
2.9158122539520264
2.9156312942504883
2.9155468940734863
2.9153780937194824
2.915235757827759
2.9151551723480225
2.9150643348693848
2.9149086475372314
2.9147582054138184
2.9145750999450684
2.914372682571411
2.9142184257507324
2.9141592979431152
2.914039373397827
2.9138424396514893
2.91365385055542
2.913569927215576
2.9133942127227783
2.913233518600464
2.9131200313568115
2.913012742996216
2.9128289222717285
2.912637233734131
2.912480354309082
2.9124033451080322
2.912189483642578
2.9120750427246094
2.9118950366973877
2.9117560386657715
2.911592721939087
2.911473512649536
2.911365270614624
2.911255359649658
2.9110684394836426
2.9109325408935547
2.910738229751587
2.910572052001953
2.910393238067627
2.9102652072906494
2.9100916385650635
2.9099247455596924
2.909782648086548
2.909649133682251
2.909510374069214
2.909417152404785
2.9092156887054443
2.9091150760650635
2.9089393615722656
2.908806562423706
2.908642053604126
2.9084434509277344
2.9082958698272705
2.908182382583618
2.908081531524658
2.907917022705078
2.907727003097534
2.907547950744629
2.907390594482422
2.907259464263916
2.9070820808410645
2.906917095184326
2.9068150520324707
2.9066407680511475
2.9064528942108154
2.9062535762786865
2.906083822250366
2.905921220779419
2.905709981918335
2.9055492877960205
2.905423641204834
2.9052813053131104
2.9051120281219482
2.9049267768859863
2.9047434329986572
2.90456485748291
2.9044430255889893
2.904327869415283
2.9042296409606934
2.9040138721466064
2.903917074203491
2.903750419616699
2.9035556316375732
2.903407335281372
2.903306484222412
2.9031388759613037
2.902977466583252
2.902822494506836
2.9026598930358887
2.902508497238159
2.902364492416382
2.9021596908569336
2.901944398880005
2.901773691177368
2.901637077331543
2.9014363288879395
2.9012444019317627
2.901045322418213
2.9009146690368652
2.900787353515625
2.900585889816284
2.9003419876098633
2.9001808166503906
2.900101661682129
2.8999359607696533
2.899845600128174
2.8997297286987305
2.899507761001587
2.89939546585083
2.8991827964782715
2.8990511894226074
2.8989417552948
2.898735523223877
2.8986103534698486
2.898452043533325
2.8983120918273926
2.898216962814331
2.8980984687805176
2.8979756832122803
2.8978564739227295
2.897728681564331
2.897639513015747
2.8974392414093018
2.8972949981689453
2.8971643447875977
2.897003173828125
2.8969075679779053
2.8967409133911133
2.896562099456787
2.896389961242676
2.8961901664733887
2.895982265472412
2.8958163261413574
2.8955836296081543
2.8954291343688965
2.8952322006225586
2.8951072692871094
2.8949482440948486
2.8947222232818604
2.8945372104644775
2.8943052291870117
2.8941726684570312
2.894089698791504
2.8939781188964844
2.893784761428833
2.8936262130737305
2.8934850692749023
2.8933587074279785
2.8932206630706787
2.8930928707122803
2.892864942550659
2.892728567123413
2.8925299644470215
2.892426013946533
2.892317295074463
2.8922300338745117
2.8921399116516113
2.8919904232025146
2.891913414001465
2.8917014598846436
2.891505479812622
2.891352891921997
2.891207218170166
2.891071081161499
2.890860080718994
2.8906338214874268
2.8904311656951904
2.890331268310547
2.8901607990264893
2.8899497985839844
2.889820098876953
2.8896405696868896
2.8894906044006348
2.8893349170684814
2.889230966567993
2.889068841934204
2.888834238052368
2.8886544704437256
2.888430118560791
2.888280153274536
2.888120412826538
2.8879799842834473
2.88784122467041
2.887725353240967
2.887545347213745
2.8873982429504395
2.887255907058716
2.887136697769165
2.8869266510009766
2.8867087364196777
2.8865816593170166
2.886380195617676
2.886147975921631
2.8859808444976807
2.8857734203338623
2.8855440616607666
2.885434865951538
2.885235548019409
2.8850295543670654
2.884829044342041
2.8846206665039062
2.8843910694122314
2.8841781616210938
2.8839938640594482
2.883856773376465
2.88364577293396
2.8834478855133057
2.8833189010620117
2.8831682205200195
2.883021831512451
2.8829333782196045
2.8827359676361084
2.8825602531433105
2.8824048042297363
2.882213592529297
2.8819971084594727
2.881857395172119
2.8817193508148193
2.8814966678619385
2.881305694580078
2.881196975708008
2.8809516429901123
2.880788803100586
2.8806777000427246
2.8805465698242188
2.8804140090942383
2.8802011013031006
2.8800013065338135
2.8797800540924072
2.879671096801758
2.8795578479766846
2.879477024078369
2.8792500495910645
2.879110097885132
2.8789379596710205
2.878751277923584
2.878577709197998
2.878458023071289
2.8782742023468018
2.878159284591675
2.878084897994995
2.8778936862945557
2.8776626586914062
2.8774285316467285
2.8773488998413086
2.8772127628326416
2.877009630203247
2.8768858909606934
2.876723289489746
2.8766045570373535
2.876434087753296
2.876232385635376
2.8760910034179688
2.8759734630584717
2.8758671283721924
2.875746488571167
2.875612735748291
2.8754806518554688
2.875279664993286
2.875080108642578
2.874953269958496
2.8747880458831787
2.8746514320373535
2.8744821548461914
2.8742709159851074
2.8741214275360107
2.8739891052246094
2.8737854957580566
2.873612403869629
2.873378276824951
2.873166561126709
2.872972249984741
2.8727948665618896
2.8726255893707275
2.872504234313965
2.8722689151763916
2.8720808029174805
2.871936321258545
2.871784210205078
2.8716278076171875
2.871433734893799
2.8712527751922607
2.8710291385650635
2.870872974395752
2.8706321716308594
2.8704211711883545
2.870209217071533
2.8700482845306396
2.8698673248291016
2.8696649074554443
2.8694815635681152
2.869333028793335
2.8691625595092773
2.869008779525757
2.868856191635132
2.8686530590057373
2.8684628009796143
2.8682734966278076
2.8681387901306152
2.8680062294006348
2.867875814437866
2.8676717281341553
2.8675594329833984
2.867421865463257
2.867203712463379
2.8670647144317627
2.866887331008911
2.8667776584625244
2.8666205406188965
2.866405487060547
2.8663384914398193
2.866154193878174
2.8660147190093994
2.865828275680542
2.8657407760620117
2.8656246662139893
2.865405559539795
2.865166187286377
2.8649990558624268
2.864816665649414
2.8646469116210938
2.864474296569824
2.864398956298828
2.864211320877075
